Chromosome	Start.bp	End.bp	n_probes	length	n_hets	f	tau	sigma.tau	mu.minor	sigma.minor	mu.major	sigma.major	SegLabelCNLOH	V15	NB	NA_CCF	NB_CCF	purity	ploidy	gender	CCN	IS_SCNA	cn_minor	cn_major	cn_sigma.minor	cn_sigma.major	cn_clusterA	cn_minor_cluster	cn_minor_sigma_cluster	cn_clusterB	cn_major_cluster	cn_major_sigma_cluster	cn_ploidy	DeltaCR	averageCR	zeroCR
1	722500	28347500	5025	27625000	1696	0.5	2.019228	0.025078	1.009614	0.025375	1.009614	0.025375	2	0	0	0	0	0.49	2.05	F	2	0	1.03297	1.03297	0.052125	0.052125	4	0.998441	0.114312	2	1.045891	0.218386	2.050284	0.486812	1.005664	0.506682
1	28352500	28387500	8	35000	3	0	2.030102	0.055715	0	0.288752	2.030102	0.288752	1		3		1	0.49	2.05	F	2	1	-1.040672	3.128946	0.593148	0.593148	1	-1.033003	0.145554	1	3.237268	0.207107	2.050284	0.486812	1.005664	0.506682
1	28392500	120557500	15778	92165000	6091	0.499999	2.00682	0.025025	1.003408	0.025035	1.003412	0.025035	2	0	0	0	0	0.49	2.05	F	2	0	1.020223	1.020232	0.051427	0.051427	4	0.998441	0.114312	2	1.045891	0.218386	2.050284	0.486812	1.005664	0.506682
1	120562500	121487500	62	925000	14	3.678033e-18	2.022003	0.030698	7.436993e-18	0.029477	2.022003	0.029477	1		4		0.7457561	0.49	2.05	F	2	1	-1.040672	3.112311	0.060551	0.060551	1	-1.033003	0.145554	1	3.237268	0.207107	2.050284	0.486812	1.005664	0.506682
1	144012500	148862500	367	4850000	60	0.4231039	2.487226	0.026569	1.052355	0.13796	1.434871	0.13796	2	0	0	0	0	0.49	2.05	F	2	0	1.120756	1.906404	0.283394	0.283394	4	0.998441	0.114312	2	1.045891	0.218386	2.050284	0.486812	1.005664	0.506682
1	148872500	149032500	20	160000	1	0.1529291	2.217427	0.042505	0.3391092	0.320551	1.878318	0.320551	2	0	3	0	1	0.49	2.05	F	2	1	-0.344177	2.817197	0.658469	0.658469	4	0.998441	0.114312	1	3.237268	0.207107	2.050284	0.486812	1.005664	0.506682
1	149212500	247247500	16814	98035000	7429	0.415123	2.543737	0.025037	1.055964	0.027971	1.487773	0.027971	2	0	0	0	0	0.49	2.05	F	2	0	1.128167	2.015058	0.057457	0.057457	4	0.998441	0.114312	2	1.045891	0.218386	2.050284	0.486812	1.005664	0.506682
2	27500	89837500	15296	89810000	7199	0.5	2.002376	0.025025	1.001188	0.025027	1.001188	0.025027	2	0	0	0	0	0.49	2.05	F	2	0	1.015663	1.015663	0.051409	0.051409	4	0.998441	0.114312	2	1.045891	0.218386	2.050284	0.486812	1.005664	0.506682
2	89847500	91867500	60	2020000	20	0.3278889	2.522065	0.033671	0.826957	0.104093	1.695108	0.104093	2	0	0	0	0	0.49	2.05	F	2	0	0.657811	2.440903	0.213825	0.213825	4	0.998441	0.114312	2	1.045891	0.218386	2.050284	0.486812	1.005664	0.506682
2	91877500	242942500	24438	151065000	10164	0.4999989	2.002047	0.025016	1.001021	0.025011	1.001026	0.025011	2	0	0	0	0	0.49	2.05	F	2	0	1.015322	1.015331	0.051377	0.051377	4	0.998441	0.114312	2	1.045891	0.218386	2.050284	0.486812	1.005664	0.506682
3	77500	197857500	32778	197780000	14018	0.5	2.009309	0.025012	1.004654	0.025005	1.004654	0.025005	2	0	0	0	0	0.49	2.05	F	2	0	1.022784	1.022784	0.051366	0.051366	4	0.998441	0.114312	2	1.045891	0.218386	2.050284	0.486812	1.005664	0.506682
4	27500	32447500	5350	32420000	2476	0.5	1.997028	0.025072	0.9985142	0.025135	0.998514	0.025135	2	0	0	0	0	0.49	2.05	F	2	0	1.010172	1.010172	0.051632	0.051632	4	0.998441	0.114312	2	1.045891	0.218386	2.050284	0.486812	1.005664	0.506682
4	32477500	32492500	3	15000	3	0.04134349	2.14531	0.089454	0.08869461	0.120127	2.056615	0.120127	2		3		1	0.49	2.05	F	2	1	-0.858503	3.183401	0.246763	0.246763	1	-1.033003	0.145554	1	3.237268	0.207107	2.050284	0.486812	1.005664	0.506682
4	32497500	49087500	2593	16590000	1035	0.5	1.995944	0.025147	0.9979719	0.025606	0.997972	0.025606	2	0	0	0	0	0.49	2.05	F	2	0	1.009058	1.009058	0.0526	0.0526	4	0.998441	0.114312	2	1.045891	0.218386	2.050284	0.486812	1.005664	0.506682
4	49167500	152077500	14843	102910000	7662	0.5	1.994616	0.025026	0.997308	0.025033	0.997308	0.025033	2	0	0	0	0	0.49	2.05	F	2	0	1.007695	1.007695	0.051423	0.051423	4	0.998441	0.114312	2	1.045891	0.218386	2.050284	0.486812	1.005664	0.506682
4	152087500	152197500	21	110000	9	0.2483922	1.942798	0.038607	0.4825759	0.236782	1.460222	0.236782	1	0	0	0	0	0.49	2.05	F	2	0	-0.049512	1.958472	0.486394	0.486394	4	0.998441	0.114312	2	1.045891	0.218386	2.050284	0.486812	1.005664	0.506682
4	152202500	191042500	5968	38840000	3312	0.5	2.00118	0.025065	1.00059	0.025083	1.00059	0.025083	2	0	0	0	0	0.49	2.05	F	2	0	1.014436	1.014436	0.051524	0.051524	4	0.998441	0.114312	2	1.045891	0.218386	2.050284	0.486812	1.005664	0.506682
5	22500	78157500	11915	78135000	5869	0.4999991	1.999048	0.025032	0.9995223	0.025036	0.999526	0.025036	2	0	0	0	0	0.49	2.05	F	2	0	1.012243	1.01225	0.051429	0.051429	4	0.998441	0.114312	2	1.045891	0.218386	2.050284	0.486812	1.005664	0.506682
5	78177500	78247500	13	70000	10	0.5	2.92233	0.061422	1.461165	0.161975	1.461165	0.161975	2	2	0	1	0	0.49	2.05	F	2	1	1.960409	1.960409	0.332725	0.332725	2	1.911789	0.108981	2	1.045891	0.218386	2.050284	0.486812	1.005664	0.506682
5	78257500	128242500	7694	49985000	3729	0.4999986	1.998151	0.02505	0.9990727	0.025097	0.999078	0.025097	2	0	0	0	0	0.49	2.05	F	2	0	1.011319	1.011331	0.051553	0.051553	4	0.998441	0.114312	2	1.045891	0.218386	2.050284	0.486812	1.005664	0.506682
5	128252500	128592500	53	340000	68	0.3794568	1.983498	0.031342	0.752652	0.108942	1.230846	0.108942	0	0	0	0	0	0.49	2.05	F	2	0	0.505197	1.487358	0.223787	0.223787	4	0.998441	0.114312	2	1.045891	0.218386	2.050284	0.486812	1.005664	0.506682
5	128597500	180712500	9191	52115000	3204	0.4999926	1.998603	0.025042	0.9992865	0.025098	0.999316	0.025098	2	0	0	0	0	0.49	2.05	F	2	0	1.011758	1.011819	0.051556	0.051556	4	0.998441	0.114312	2	1.045891	0.218386	2.050284	0.486812	1.005664	0.506682
6	212500	29717500	5371	29505000	2112	0.5	2.004474	0.025072	1.002237	0.025142	1.002237	0.025142	2	0	0	0	0	0.49	2.05	F	2	0	1.017818	1.017818	0.051646	0.051646	4	0.998441	0.114312	2	1.045891	0.218386	2.050284	0.486812	1.005664	0.506682
6	29722500	29892500	32	170000	84	0.4382094	1.988549	0.034926	0.871401	0.11176	1.117148	0.11176	1	0	0	0	0	0.49	2.05	F	2	0	0.749095	1.253834	0.229575	0.229575	4	0.998441	0.114312	2	1.045891	0.218386	2.050284	0.486812	1.005664	0.506682
6	29907500	29922500	4	15000	19	0.2201167	1.912486	0.070917	0.4209701	0.113087	1.491515	0.113087	2	0	0	0	0	0.49	2.05	F	2	0	-0.176043	2.022745	0.232302	0.232302	4	0.998441	0.114312	2	1.045891	0.218386	2.050284	0.486812	1.005664	0.506682
6	29927500	31057500	221	1130000	191	0.5	2.009723	0.026701	1.004862	0.029548	1.004862	0.029548	2	0	0	0	0	0.49	2.05	F	2	0	1.023209	1.023209	0.060697	0.060697	4	0.998441	0.114312	2	1.045891	0.218386	2.050284	0.486812	1.005664	0.506682
6	31062500	31072500	3	10000	11	0.2163124	1.880843	0.07941	0.4068495	0.0999	1.473993	0.0999	2	0	0	0	0	0.49	2.05	F	2	0	-0.205046	1.986756	0.205213	0.205213	4	0.998441	0.114312	2	1.045891	0.218386	2.050284	0.486812	1.005664	0.506682
6	31077500	31272500	36	195000	94	0.4516152	2.024507	0.034248	0.9142982	0.105536	1.110209	0.105536	2	0	0	0	0	0.49	2.05	F	2	0	0.837201	1.239581	0.21679	0.21679	4	0.998441	0.114312	2	1.045891	0.218386	2.050284	0.486812	1.005664	0.506682
6	31287500	31302500	3	15000	20	0.02666433	1.960413	0.08242	0.0522731	0.051958	1.90814	0.051958	1		4		0.7457561	0.49	2.05	F	2	1	-0.933309	2.878448	0.106732	0.106732	1	-1.033003	0.145554	1	3.237268	0.207107	2.050284	0.486812	1.005664	0.506682
6	31307500	32422500	191	1115000	175	0.4999999	2.006497	0.026953	1.003248	0.034474	1.003249	0.034474	2	0	0	0	0	0.49	2.05	F	2	0	1.019895	1.019896	0.070816	0.070816	4	0.998441	0.114312	2	1.045891	0.218386	2.050284	0.486812	1.005664	0.506682
6	32427500	32602500	18	175000	58	0.006913657	2.004765	0.041227	0.01386026	0.027204	1.990905	0.027204	1		4		0.7457561	0.49	2.05	F	2	1	-1.012204	3.048438	0.055882	0.055882	1	-1.033003	0.145554	1	3.237268	0.207107	2.050284	0.486812	1.005664	0.506682
6	32652500	32707500	9	55000	10	0.3224778	2.02697	0.053122	0.6536527	0.191168	1.373317	0.191168	1	0	0	0	0	0.49	2.05	F	2	0	0.301862	1.779978	0.392693	0.392693	4	0.998441	0.114312	2	1.045891	0.218386	2.050284	0.486812	1.005664	0.506682
6	32712500	170897500	22015	138185000	10144	0.5	2.005126	0.025018	1.002563	0.025009	1.002563	0.025009	2	0	0	0	0	0.49	2.05	F	2	0	1.018488	1.018488	0.051374	0.051374	4	0.998441	0.114312	2	1.045891	0.218386	2.050284	0.486812	1.005664	0.506682
7	52500	56557500	9671	56505000	5140	0.5	2.01121	0.02504	1.005605	0.025041	1.005605	0.025041	2	0	0	0	0	0.49	2.05	F	2	0	1.024736	1.024736	0.051438	0.051438	4	0.998441	0.114312	2	1.045891	0.218386	2.050284	0.486812	1.005664	0.506682
7	56562500	61792500	223	5230000	86	0.4877931	2.054094	0.026759	1.001973	0.062258	1.052121	0.062258	1	0	0	0	0	0.49	2.05	F	2	0	1.017276	1.120275	0.127888	0.127888	4	0.998441	0.114312	2	1.045891	0.218386	2.050284	0.486812	1.005664	0.506682
7	61797500	158817500	15424	97020000	6398	0.5	2.008209	0.025025	1.004104	0.025026	1.004104	0.025026	2	0	0	0	0	0.49	2.05	F	2	0	1.021654	1.021654	0.051409	0.051409	4	0.998441	0.114312	2	1.045891	0.218386	2.050284	0.486812	1.005664	0.506682
8	172500	2127500	329	1955000	258	0.4999221	2.002194	0.026147	1.000941	0.030003	1.001253	0.030003	2	0	0	0	0	0.49	2.05	F	2	0	1.015157	1.015797	0.061632	0.061632	4	0.998441	0.114312	2	1.045891	0.218386	2.050284	0.486812	1.005664	0.506682
8	2202500	2322500	24	120000	10	0.5	1.93847	0.037134	0.969235	0.11304	0.969235	0.11304	2	0	0	0	0	0.49	2.05	F	2	0	0.950036	0.950036	0.232204	0.232204	4	0.998441	0.114312	2	1.045891	0.218386	2.050284	0.486812	1.005664	0.506682
8	2352500	2572500	43	220000	40	0.3436881	2.943175	0.039877	1.011534	0.077214	1.931641	0.077214	2	0	4	0	0.7457561	0.49	2.05	F	2	1	1.036914	2.926716	0.158611	0.158611	4	0.998441	0.114312	1	3.237268	0.207107	2.050284	0.486812	1.005664	0.506682
8	2597500	53362500	8048	50765000	3808	0.5	2.000321	0.025048	1.00016	0.025126	1.00016	0.025126	2	0	0	0	0	0.49	2.05	F	2	0	1.013553	1.013553	0.051614	0.051614	4	0.998441	0.114312	2	1.045891	0.218386	2.050284	0.486812	1.005664	0.506682
8	53377500	53432500	12	55000	16	0.3239235	2.914936	0.063386	0.9442161	0.125553	1.97072	0.125553	2	0	3	0	1	0.49	2.05	F	2	1	0.898649	3.006981	0.257909	0.257909	4	0.998441	0.114312	1	3.237268	0.207107	2.050284	0.486812	1.005664	0.506682
8	53447500	146272500	15143	92825000	6731	0.5	1.999476	0.025025	0.9997378	0.025028	0.999738	0.025028	2	0	0	0	0	0.49	2.05	F	2	0	1.012685	1.012685	0.051411	0.051411	4	0.998441	0.114312	2	1.045891	0.218386	2.050284	0.486812	1.005664	0.506682
9	207500	1332500	216	1125000	142	0.5	2.005498	0.026732	1.002749	0.032309	1.002749	0.032309	2	0	0	0	0	0.49	2.05	F	2	0	1.01887	1.01887	0.066368	0.066368	4	0.998441	0.114312	2	1.045891	0.218386	2.050284	0.486812	1.005664	0.506682
9	1342500	1352500	3	10000	3	0	2.021238	0.084728	0	0.133816	2.021238	0.133816	1		3		1	0.49	2.05	F	2	1	-1.040672	3.110739	0.274881	0.274881	1	-1.033003	0.145554	1	3.237268	0.207107	2.050284	0.486812	1.005664	0.506682
9	1357500	129357500	16449	128000000	7102	0.4999988	1.998419	0.025023	0.9992072	0.025027	0.999212	0.025027	2	0	0	0	0	0.49	2.05	F	2	0	1.011595	1.011605	0.05141	0.05141	4	0.998441	0.114312	2	1.045891	0.218386	2.050284	0.486812	1.005664	0.506682
9	129362500	132182500	551	2820000	91	0.4999854	2.026183	0.025707	1.013062	0.036767	1.013121	0.036767	2	0	0	0	0	0.49	2.05	F	2	0	1.040052	1.040173	0.075527	0.075527	4	0.998441	0.114312	2	1.045891	0.218386	2.050284	0.486812	1.005664	0.506682
9	132187500	132202500	4	15000	13	8.164309e-24	1.905815	0.070702	1.555966e-23	0.02646	1.905815	0.02646	2		4		0.7457561	0.49	2.05	F	2	1	-1.040672	2.873673	0.054353	0.054353	1	-1.033003	0.145554	1	3.237268	0.207107	2.050284	0.486812	1.005664	0.506682
9	132207500	136872500	868	4665000	339	0.5	2.002983	0.025441	1.001491	0.027031	1.001491	0.027031	2	0	0	0	0	0.49	2.05	F	2	0	1.016287	1.016287	0.055526	0.055526	4	0.998441	0.114312	2	1.045891	0.218386	2.050284	0.486812	1.005664	0.506682
9	136882500	136962500	15	80000	8	0.07014525	2.043507	0.044324	0.1433423	0.082101	1.900164	0.082101	0		4		0.7457561	0.49	2.05	F	2	1	-0.746262	2.862067	0.16865	0.16865	1	-1.033003	0.145554	1	3.237268	0.207107	2.050284	0.486812	1.005664	0.506682
9	136967500	140267500	607	3300000	291	0.5	2.01549	0.025636	1.007745	0.026493	1.007745	0.026493	2	0	0	0	0	0.49	2.05	F	2	0	1.029131	1.029131	0.054422	0.054422	4	0.998441	0.114312	2	1.045891	0.218386	2.050284	0.486812	1.005664	0.506682
10	102500	39192500	6847	39090000	3197	0.5	2.018274	0.025057	1.009137	0.025177	1.009137	0.025177	2	0	0	0	0	0.49	2.05	F	2	0	1.03199	1.03199	0.051718	0.051718	4	0.998441	0.114312	2	1.045891	0.218386	2.050284	0.486812	1.005664	0.506682
10	39202500	42602500	113	3400000	34	0.5	2.874011	0.03123	1.437006	0.050699	1.437006	0.050699	2	2	0	1	0	0.49	2.05	F	2	1	1.910788	1.910788	0.104146	0.104146	2	1.911789	0.108981	2	1.045891	0.218386	2.050284	0.486812	1.005664	0.506682
10	42612500	42812500	33	200000	8	0.04815981	1.982827	0.03462	0.09549256	0.066723	1.887334	0.066723	1		4		0.7457561	0.49	2.05	F	2	1	-0.84454	2.835715	0.137061	0.137061	1	-1.033003	0.145554	1	3.237268	0.207107	2.050284	0.486812	1.005664	0.506682
10	42817500	135372500	15517	92555000	6286	0.5	2.013992	0.025025	1.006996	0.025036	1.006996	0.025036	2	0	0	0	0	0.49	2.05	F	2	0	1.027593	1.027593	0.051429	0.051429	4	0.998441	0.114312	2	1.045891	0.218386	2.050284	0.486812	1.005664	0.506682
11	187500	50062500	8269	49875000	3993	0.5	2.010958	0.025047	1.005479	0.02506	1.005479	0.02506	2	0	0	0	0	0.49	2.05	F	2	0	1.024477	1.024477	0.051477	0.051477	4	0.998441	0.114312	2	1.045891	0.218386	2.050284	0.486812	1.005664	0.506682
11	50097500	50777500	120	680000	218	0.355386	2.893446	0.030973	1.02829	0.038995	1.865156	0.038995	2	0	4	0	0.7457561	0.49	2.05	F	2	1	1.071329	2.790164	0.080103	0.080103	4	0.998441	0.114312	1	3.237268	0.207107	2.050284	0.486812	1.005664	0.506682
11	51202500	134447500	13855	83245000	6075	0.5	2.013574	0.025028	1.006787	0.025025	1.006787	0.025025	2	0	0	0	0	0.49	2.05	F	2	0	1.027163	1.027163	0.051406	0.051406	4	0.998441	0.114312	2	1.045891	0.218386	2.050284	0.486812	1.005664	0.506682
12	92500	31257500	5344	31165000	2592	0.5	2.011189	0.025073	1.005594	0.025118	1.005594	0.025118	2	0	0	0	0	0.49	2.05	F	2	0	1.024714	1.024714	0.051597	0.051597	4	0.998441	0.114312	2	1.045891	0.218386	2.050284	0.486812	1.005664	0.506682
12	31272500	31382500	7	110000	12	0.2235493	1.995783	0.058	0.446156	0.112932	1.549627	0.112932	0	0	0	0	0	0.49	2.05	F	2	0	-0.124314	2.1421	0.231983	0.231983	4	0.998441	0.114312	2	1.045891	0.218386	2.050284	0.486812	1.005664	0.506682
12	31387500	34817500	615	3430000	373	0.5	2.006621	0.025622	1.00331	0.026534	1.00331	0.026534	2	0	0	0	0	0.49	2.05	F	2	0	1.020023	1.020023	0.054505	0.054505	4	0.998441	0.114312	2	1.045891	0.218386	2.050284	0.486812	1.005664	0.506682
12	34832500	38127500	33	3295000	62	0.4906289	2.382329	0.038091	1.168839	0.065911	1.21349	0.065911	2	2	0	0.373228	0	0.49	2.05	F	2	1	1.360002	1.451709	0.135392	0.135392	3	1.373228	0.168195	2	1.045891	0.218386	2.050284	0.486812	1.005664	0.506682
12	38137500	131722500	15869	93585000	6431	0.5	2.01142	0.025025	1.00571	0.025031	1.00571	0.025031	2	0	0	0	0	0.49	2.05	F	2	0	1.024951	1.024951	0.051417	0.051417	4	0.998441	0.114312	2	1.045891	0.218386	2.050284	0.486812	1.005664	0.506682
12	131737500	131827500	13	90000	1	0.1421154	1.100228	0.03284	0.1563594	0.183177	0.943869	0.183177	2		0		0	0.49	2.05	F	2	0	-0.719526	0.897936	0.376278	0.376278	1	-1.033003	0.145554	2	1.045891	0.218386	2.050284	0.486812	1.005664	0.506682
12	131837500	132347500	88	510000	34	0.4999707	2.004297	0.029064	1.00209	0.040486	1.002207	0.040486	2	0	0	0	0	0.49	2.05	F	2	0	1.017516	1.017757	0.083166	0.083166	4	0.998441	0.114312	2	1.045891	0.218386	2.050284	0.486812	1.005664	0.506682
13	19822500	23527500	638	3705000	373	0.499978	1.608301	0.025389	0.8041153	0.026195	0.804186	0.026195	2	0	0	0	0	0.49	2.05	F	2	0	0.610897	0.611042	0.053809	0.053809	4	0.998441	0.114312	2	1.045891	0.218386	2.050284	0.486812	1.005664	0.506682
13	23537500	23557500	5	20000	7	0.1143757	1.7443	0.059667	0.1995055	0.132795	1.544795	0.132795	2		0		0	0.49	2.05	F	2	0	-0.630908	2.132176	0.272785	0.272785	1	-1.033003	0.145554	2	1.045891	0.218386	2.050284	0.486812	1.005664	0.506682
13	23562500	24957500	268	1395000	111	0.4522917	1.60652	0.025914	0.7266155	0.083201	0.879904	0.083201	2	0	0	0	0	0.49	2.05	F	2	0	0.45172	0.76656	0.17091	0.17091	4	0.998441	0.114312	2	1.045891	0.218386	2.050284	0.486812	1.005664	0.506682
13	24962500	25032500	11	70000	6	0	1.64621	0.042597	0	0.056448	1.64621	0.056448	1		0		0	0.49	2.05	F	2	0	-1.040672	2.340472	0.115955	0.115955	1	-1.033003	0.145554	2	1.045891	0.218386	2.050284	0.486812	1.005664	0.506682
13	25037500	114137500	13384	89100000	6565	0.499921	1.615442	0.025019	0.8075936	0.025201	0.807849	0.025201	2	0	0	0	0	0.49	2.05	F	2	0	0.618041	0.618565	0.051768	0.051768	4	0.998441	0.114312	2	1.045891	0.218386	2.050284	0.486812	1.005664	0.506682
14	19792500	41292500	3377	21500000	1498	0.4999974	1.97578	0.025111	0.9878849	0.025256	0.987895	0.025256	2	0	0	0	0	0.49	2.05	F	2	0	0.988341	0.988362	0.05188	0.05188	4	0.998441	0.114312	2	1.045891	0.218386	2.050284	0.486812	1.005664	0.506682
14	41297500	41762500	41	465000	3	0	1.970127	0.032875	0	0.341623	1.970127	0.341623	1		3		1	0.49	2.05	F	2	1	-1.040672	3.005764	0.701755	0.701755	1	-1.033003	0.145554	1	3.237268	0.207107	2.050284	0.486812	1.005664	0.506682
14	41772500	106307500	11204	64535000	4529	0.4999976	1.958933	0.025033	0.9794619	0.025049	0.979471	0.025049	2	0	0	0	0	0.49	2.05	F	2	0	0.971041	0.97106	0.051454	0.051454	4	0.998441	0.114312	2	1.045891	0.218386	2.050284	0.486812	1.005664	0.506682
15	20852500	22587500	77	1735000	1	0.5	1.411012	0.02739	0.7055058	0.154139	0.705506	0.154139	2	0	0	0	0	0.49	2.05	F	2	0	0.408363	0.408363	0.316629	0.316629	4	0.998441	0.114312	2	1.045891	0.218386	2.050284	0.486812	1.005664	0.506682
15	22752500	34667500	1747	11915000	752	0.5	2.019275	0.025224	1.009637	0.025671	1.009637	0.025671	2	0	0	0	0	0.49	2.05	F	2	0	1.033018	1.033018	0.052734	0.052734	4	0.998441	0.114312	2	1.045891	0.218386	2.050284	0.486812	1.005664	0.506682
15	34882500	100332500	11655	65450000	4563	0.4999963	2.006746	0.025033	1.003366	0.025046	1.003381	0.025046	2	0	0	0	0	0.49	2.05	F	2	0	1.020136	1.020167	0.051448	0.051448	4	0.998441	0.114312	2	1.045891	0.218386	2.050284	0.486812	1.005664	0.506682
16	92500	32137500	5461	32045000	2346	0.5	1.98842	0.02507	0.9942099	0.025203	0.99421	0.025203	2	0	0	0	0	0.49	2.05	F	2	0	1.001331	1.001331	0.051772	0.051772	4	0.998441	0.114312	2	1.045891	0.218386	2.050284	0.486812	1.005664	0.506682
16	32957500	33367500	16	410000	1	0.5	2.090524	0.044033	1.045262	0.183424	1.045262	0.183424	2	0	0	0	0	0.49	2.05	F	2	0	1.106187	1.106187	0.376785	0.376785	4	0.998441	0.114312	2	1.045891	0.218386	2.050284	0.486812	1.005664	0.506682
16	33377500	33772500	57	395000	1	0.5	2.45799	0.033672	1.228995	0.195097	1.228995	0.195097	2	0	0	0	0	0.49	2.05	F	2	0	1.483555	1.483555	0.400763	0.400763	3	1.373228	0.168195	2	1.045891	0.218386	2.050284	0.486812	1.005664	0.506682
16	33827500	34202500	44	375000	17	3.182685e-08	2.132044	0.033494	6.785627e-08	0.02737	2.132044	0.02737	2		4		0.7457561	0.49	2.05	F	2	1	-1.040672	3.338325	0.056222	0.056222	1	-1.033003	0.145554	1	3.237268	0.207107	2.050284	0.486812	1.005664	0.506682
16	34207500	35212500	169	1005000	13	0.4999356	2.011021	0.027206	1.005381	0.069502	1.00564	0.069502	2	0	0	0	0	0.49	2.05	F	2	0	1.024275	1.024807	0.142769	0.142769	4	0.998441	0.114312	2	1.045891	0.218386	2.050284	0.486812	1.005664	0.506682
16	35217500	46852500	143	11635000	3	0	2.093021	0.027791	0	0.060174	2.093021	0.060174	2		4		0.7457561	0.49	2.05	F	2	1	-1.040672	3.258174	0.123609	0.123609	1	-1.033003	0.145554	1	3.237268	0.207107	2.050284	0.486812	1.005664	0.506682
16	46857500	78647500	5560	31790000	2046	0.4999881	2.006218	0.02507	1.003085	0.025176	1.003133	0.025176	2	0	0	0	0	0.49	2.05	F	2	0	1.019561	1.019659	0.051715	0.051715	4	0.998441	0.114312	2	1.045891	0.218386	2.050284	0.486812	1.005664	0.506682
16	78662500	78832500	32	170000	25	0.4809026	1.590695	0.031733	0.7649693	0.069199	0.825726	0.069199	2	0	0	0	0	0.49	2.05	F	2	0	0.530495	0.655282	0.142148	0.142148	4	0.998441	0.114312	2	1.045891	0.218386	2.050284	0.486812	1.005664	0.506682
16	78842500	88822500	1885	9980000	1147	0.5	2.013525	0.025206	1.006762	0.02544	1.006763	0.02544	2	0	0	0	0	0.49	2.05	F	2	0	1.027113	1.027113	0.052258	0.052258	4	0.998441	0.114312	2	1.045891	0.218386	2.050284	0.486812	1.005664	0.506682
17	7500	16592500	3052	16585000	1325	0.4999766	1.93821	0.025118	0.9690595	0.025373	0.96915	0.025373	2	0	0	0	0	0.49	2.05	F	2	0	0.949675	0.949861	0.05212	0.05212	4	0.998441	0.114312	2	1.045891	0.218386	2.050284	0.486812	1.005664	0.506682
17	16762500	22242500	831	5480000	188	0.4999419	1.865139	0.0254	0.9324614	0.028814	0.932678	0.028814	2	0	0	0	0	0.49	2.05	F	2	0	0.874506	0.874951	0.05919	0.05919	4	0.998441	0.114312	2	1.045891	0.218386	2.050284	0.486812	1.005664	0.506682
17	25397500	44202500	3430	18805000	974	0.4999984	2.00524	0.025113	1.002617	0.025483	1.002623	0.025483	2	0	0	0	0	0.49	2.05	F	2	0	1.018599	1.018612	0.052346	0.052346	4	0.998441	0.114312	2	1.045891	0.218386	2.050284	0.486812	1.005664	0.506682
17	44792500	78772500	6154	33980000	2347	0.5	2.003197	0.025063	1.001598	0.025134	1.001598	0.025134	2	0	0	0	0	0.49	2.05	F	2	0	1.016506	1.016506	0.05163	0.05163	4	0.998441	0.114312	2	1.045891	0.218386	2.050284	0.486812	1.005664	0.506682
18	52500	15407500	2652	15355000	1338	0.5	2.006708	0.025146	1.003354	0.02528	1.003354	0.02528	2	0	0	0	0	0.49	2.05	F	2	0	1.020112	1.020113	0.05193	0.05193	4	0.998441	0.114312	2	1.045891	0.218386	2.050284	0.486812	1.005664	0.506682
18	15602500	76112500	9455	60510000	4565	0.5	2.011092	0.025041	1.005546	0.025063	1.005546	0.025063	2	0	0	0	0	0.49	2.05	F	2	0	1.024615	1.024615	0.051484	0.051484	4	0.998441	0.114312	2	1.045891	0.218386	2.050284	0.486812	1.005664	0.506682
19	267500	20497500	3842	20230000	1350	0.5	2.019398	0.025102	1.009699	0.025279	1.009699	0.025279	2	0	0	0	0	0.49	2.05	F	2	0	1.033145	1.033145	0.051927	0.051927	4	0.998441	0.114312	2	1.045891	0.218386	2.050284	0.486812	1.005664	0.506682
19	20727500	21677500	168	950000	30	0.5	1.997934	0.027191	0.9989668	0.044674	0.998967	0.044674	2	0	0	0	0	0.49	2.05	F	2	0	1.011102	1.011102	0.091769	0.091769	4	0.998441	0.114312	2	1.045891	0.218386	2.050284	0.486812	1.005664	0.506682
19	21682500	21767500	18	85000	15	5.201003e-07	2.147247	0.043089	1.116784e-06	0.027677	2.147246	0.027677	2		4		0.7457561	0.49	2.05	F	2	1	-1.04067	3.369547	0.056853	0.056853	1	-1.033003	0.145554	1	3.237268	0.207107	2.050284	0.486812	1.005664	0.506682
19	21772500	24602500	501	2830000	184	0.5	2.005959	0.025762	1.002979	0.02818	1.002979	0.02818	2	0	0	0	0	0.49	2.05	F	2	0	1.019343	1.019343	0.057887	0.057887	4	0.998441	0.114312	2	1.045891	0.218386	2.050284	0.486812	1.005664	0.506682
19	27867500	59092500	5827	31225000	2326	0.4999969	2.019729	0.025067	1.009858	0.025189	1.009871	0.025189	2	0	0	0	0	0.49	2.05	F	2	0	1.033471	1.033497	0.051744	0.051744	4	0.998441	0.114312	2	1.045891	0.218386	2.050284	0.486812	1.005664	0.506682
20	72500	29652500	4740	29580000	2218	0.5	2.010394	0.025082	1.005197	0.025204	1.005197	0.025204	2	0	0	0	0	0.49	2.05	F	2	0	1.023898	1.023898	0.051774	0.051774	4	0.998441	0.114312	2	1.045891	0.218386	2.050284	0.486812	1.005664	0.506682
20	29812500	29832500	5	20000	4	0	2.052295	0.068397	0	0.046998	2.052295	0.046998	1		4		0.7457561	0.49	2.05	F	2	1	-1.040672	3.174527	0.096542	0.096542	1	-1.033003	0.145554	1	3.237268	0.207107	2.050284	0.486812	1.005664	0.506682
20	29837500	62432500	6138	32595000	2278	0.5	2.011481	0.025063	1.00574	0.025116	1.00574	0.025116	2	0	0	0	0	0.49	2.05	F	2	0	1.025014	1.025014	0.051593	0.051593	4	0.998441	0.114312	2	1.045891	0.218386	2.050284	0.486812	1.005664	0.506682
21	11027500	46937500	5361	35910000	2756	0.5	2.01816	0.025073	1.00908	0.025107	1.00908	0.025107	2	0	0	0	0	0.49	2.05	F	2	0	1.031873	1.031873	0.051574	0.051574	4	0.998441	0.114312	2	1.045891	0.218386	2.050284	0.486812	1.005664	0.506682
22	16882500	33182500	2782	16300000	1041	0.4998425	1.650193	0.025094	0.8248364	0.026771	0.825356	0.026771	2	0	0	0	0	0.49	2.05	F	2	0	0.653456	0.654524	0.054993	0.054993	4	0.998441	0.114312	2	1.045891	0.218386	2.050284	0.486812	1.005664	0.506682
22	33192500	36577500	647	3385000	238	0.4998951	1.973564	0.025573	0.9865749	0.030305	0.986989	0.030305	2	0	0	0	0	0.49	2.05	F	2	0	0.98565	0.986501	0.062253	0.062253	4	0.998441	0.114312	2	1.045891	0.218386	2.050284	0.486812	1.005664	0.506682
22	36587500	36622500	8	35000	9	0.147146	1.981745	0.054665	0.2916058	0.124391	1.690139	0.124391	0	0	0	0	0	0.49	2.05	F	2	0	-0.441744	2.430697	0.255522	0.255522	4	0.998441	0.114312	2	1.045891	0.218386	2.050284	0.486812	1.005664	0.506682
22	36627500	49687500	2510	13060000	1011	0.5	2.004577	0.025154	1.002289	0.025684	1.002289	0.025684	2	0	0	0	0	0.49	2.05	F	2	0	1.017924	1.017924	0.052759	0.052759	4	0.998441	0.114312	2	1.045891	0.218386	2.050284	0.486812	1.005664	0.506682
23	172500	927500	119	755000	81	0.4939222	1.654208	0.02713	0.8170498	0.044079	0.837158	0.044079	2	0	0	0	0	0.49	2.05	F	2	0	0.637463	0.678763	0.090546	0.090546	4	0.998441	0.114312	2	1.045891	0.218386	2.050284	0.486812	1.005664	0.506682
23	932500	942500	3	10000	14	9.296894e-17	2.272938	0.094338	2.113126e-16	0.03661	2.272938	0.03661	2		4		0.8759016	0.49	2.05	F	2	1	-1.040672	3.627705	0.075203	0.075203	1	-1.033003	0.145554	3	3.627705	0.075203	2.050284	0.486812	1.005664	0.506682
23	947500	2697500	274	1750000	141	0.5	1.667894	0.025962	0.833947	0.040198	0.833947	0.040198	2	0	0	0	0	0.49	2.05	F	2	0	0.672168	0.672168	0.082574	0.082574	4	0.998441	0.114312	2	1.045891	0.218386	2.050284	0.486812	1.005664	0.506682
23	2852500	58282500	216	55430000	2213	0.4873236	2.015496	0.026749	0.9821985	0.04501	1.033297	0.04501	2	0	0	0	0	0.49	2.05	F	2	0	0.976661	1.081612	0.092459	0.092459	4	0.998441	0.114312	2	1.045891	0.218386	2.050284	0.486812	1.005664	0.506682
23	58472500	61907500	40	3435000	13	0.1206409	2.456343	0.03673	0.2963353	0.092699	2.160007	0.092699	2	0	4	0	0.7457561	0.49	2.05	F	2	1	-0.43203	3.395758	0.190419	0.190419	4	0.998441	0.114312	1	3.237268	0.207107	2.050284	0.486812	1.005664	0.506682
23	62227500	154892500	287	92665000	3199	0.4691598	2.024063	0.026338	0.9496088	0.051855	1.074454	0.051855	2	0	0	0	0	0.49	2.05	F	2	0	0.909725	1.166144	0.10652	0.10652	4	0.998441	0.114312	2	1.045891	0.218386	2.050284	0.486812	1.005664	0.506682
1	722500	120632500	20823	119910000	8012	0.5	1.998779	0.02501	0.9993896	0.025022	0.99939	0.025022	2	0	0	0	0	0.99	2	F	2	0	1.007145	1.007145	0.025472	0.025472	3	0.947959	0.220365	4	1.046103	0.15748	2.000277	0.982311	0.992234	0.009922
1	121117500	121487500	50	370000	16	0.008248421	1.998671	0.028845	0.01648588	0.031228	1.982185	0.031228	1	0	2	0.9380992	0.871771	0.99	2	F	2	1	0.006681	2.007499	0.03179	0.03179	2	0.061901	0.04589	1	1.871771	0.10387	2.000277	0.982311	0.992234	0.009922
1	144012500	145122500	68	1110000	1	0.5	2.488753	0.029328	1.244377	0.143111	1.244377	0.143111	2	0	0	0	0	0.99	2	F	2	0	1.256509	1.256509	0.145688	0.145688	1	1.083224	0.045293	4	1.046103	0.15748	2.000277	0.982311	0.992234	0.009922
1	145132500	147827500	291	2695000	59	0.3633545	2.840315	0.02639	1.032041	0.046402	1.808273	0.046402	2	0	2	0	0.871771	0.99	2	F	2	1	1.04038	1.83048	0.047237	0.047237	3	0.947959	0.220365	1	1.871771	0.10387	2.000277	0.982311	0.992234	0.009922
1	148007500	149027500	27	1020000	2	0.1708521	2.580976	0.035518	0.4409652	0.241269	2.14001	0.241269	2	0	2	0	1	0.99	2	F	2	1	0.438744	2.168144	0.245613	0.245613	3	0.947959	0.220365	1	1.871771	0.10387	2.000277	0.982311	0.992234	0.009922
1	149207500	149732500	20	525000	3	0.5	2.560235	0.038349	1.280117	0.143563	1.280117	0.143563	2	0	0	0	0	0.99	2	F	2	0	1.292888	1.292888	0.146148	0.146148	1	1.083224	0.045293	4	1.046103	0.15748	2.000277	0.982311	0.992234	0.009922
1	149852500	159637500	1827	9785000	650	0.3616783	2.854263	0.025229	1.032325	0.027095	1.821938	0.027095	2	0	2	0	0.871771	0.99	2	F	2	1	1.040669	1.844389	0.027583	0.027583	3	0.947959	0.220365	1	1.871771	0.10387	2.000277	0.982311	0.992234	0.009922
1	159652500	247247500	14968	87595000	6873	0.3715126	2.872328	0.025028	1.067106	0.025004	1.805222	0.025004	2	2	2	0.08322407	0.871771	0.99	2	F	2	1	1.076071	1.827374	0.025454	0.025454	1	1.083224	0.045293	1	1.871771	0.10387	2.000277	0.982311	0.992234	0.009922
2	27500	67912500	11924	67885000	5851	0.4999977	1.99923	0.025017	0.9996105	0.025017	0.99962	0.025017	2	0	0	0	0	0.99	2	F	2	0	1.00737	1.007379	0.025467	0.025467	3	0.947959	0.220365	4	1.046103	0.15748	2.000277	0.982311	0.992234	0.009922
2	67917500	67942500	5	25000	14	0.2887624	1.977641	0.051502	0.5710683	0.076158	1.406573	0.076158	0	0	0	0	0	0.99	2	F	2	0	0.571171	1.421603	0.07753	0.07753	3	0.947959	0.220365	4	1.046103	0.15748	2.000277	0.982311	0.992234	0.009922
2	67947500	89102500	3354	21155000	1480	0.4999663	1.997414	0.025062	0.9986398	0.025199	0.998774	0.025199	2	0	0	0	0	0.99	2	F	2	0	1.006382	1.006519	0.025652	0.025652	3	0.947959	0.220365	4	1.046103	0.15748	2.000277	0.982311	0.992234	0.009922
2	89107500	89252500	12	145000	3	0	1.988545	0.038458	0	0.051452	1.988545	0.051452	1	0	2	1	0.871771	0.99	2	F	2	1	-0.0101	2.013972	0.052379	0.052379	2	0.061901	0.04589	1	1.871771	0.10387	2.000277	0.982311	0.992234	0.009922
2	89842500	91872500	62	2030000	22	0.3767894	2.597117	0.030094	0.9785661	0.076669	1.618551	0.076669	2	0	0	0	0	0.99	2	F	2	0	0.985949	1.637368	0.078049	0.078049	3	0.947959	0.220365	4	1.046103	0.15748	2.000277	0.982311	0.992234	0.009922
2	91882500	242847500	24418	150965000	10421	0.4999966	2.001592	0.025009	1.000789	0.025005	1.000803	0.025005	2	0	0	0	0	0.99	2	F	2	0	1.00857	1.008584	0.025455	0.025455	3	0.947959	0.220365	4	1.046103	0.15748	2.000277	0.982311	0.992234	0.009922
2	242857500	242942500	18	85000	17	0.4570502	2.216744	0.036484	1.013163	0.114484	1.203581	0.114484	2	0	0	0	0	0.99	2	F	2	0	1.021165	1.214984	0.116546	0.116546	3	0.947959	0.220365	4	1.046103	0.15748	2.000277	0.982311	0.992234	0.009922
3	77500	197857500	32778	197780000	14411	0.4999954	2.000257	0.025006	1.000119	0.025005	1.000138	0.025005	2	0	0	0	0	0.99	2	F	2	0	1.007888	1.007907	0.025455	0.025455	3	0.947959	0.220365	4	1.046103	0.15748	2.000277	0.982311	0.992234	0.009922
4	27500	38947500	6296	38920000	3042	0.5	2.007233	0.025033	1.003616	0.025074	1.003616	0.025074	2	0	0	0	0	0.99	2	F	2	0	1.011447	1.011447	0.025526	0.025526	3	0.947959	0.220365	4	1.046103	0.15748	2.000277	0.982311	0.992234	0.009922
4	38952500	39407500	84	455000	5	3.396068e-07	1.9686	0.027287	6.685497e-07	0.123619	1.968599	0.123619	0	0	2	1	1	0.99	2	F	2	1	-0.010099	1.99367	0.125845	0.125845	2	0.061901	0.04589	1	1.871771	0.10387	2.000277	0.982311	0.992234	0.009922
4	39412500	49087500	1566	9675000	591	0.499989	2.002101	0.025132	1.001029	0.025469	1.001073	0.025469	2	0	0	0	0	0.99	2	F	2	0	1.008813	1.008858	0.025928	0.025928	3	0.947959	0.220365	4	1.046103	0.15748	2.000277	0.982311	0.992234	0.009922
4	49167500	69942500	2456	20775000	1529	0.5	2.005569	0.025085	1.002785	0.025159	1.002785	0.025159	2	0	0	0	0	0.99	2	F	2	0	1.010601	1.010601	0.025612	0.025612	3	0.947959	0.220365	4	1.046103	0.15748	2.000277	0.982311	0.992234	0.009922
4	69947500	70242500	25	295000	31	0.4822049	2.007698	0.032292	0.968122	0.066344	1.039576	0.066344	1	0	0	0	0	0.99	2	F	2	0	0.975319	1.04805	0.067539	0.067539	3	0.947959	0.220365	4	1.046103	0.15748	2.000277	0.982311	0.992234	0.009922
4	70247500	152077500	12362	81830000	6327	0.4999993	2.002387	0.025017	1.001192	0.025013	1.001195	0.025013	2	0	0	0	0	0.99	2	F	2	0	1.00898	1.008983	0.025464	0.025464	3	0.947959	0.220365	4	1.046103	0.15748	2.000277	0.982311	0.992234	0.009922
4	152087500	152202500	22	115000	9	0.3498714	1.973217	0.03292	0.690372	0.417339	1.282845	0.417339	0	0	0	0	0	0.99	2	F	2	0	0.692607	1.295664	0.424855	0.424855	3	0.947959	0.220365	4	1.046103	0.15748	2.000277	0.982311	0.992234	0.009922
4	152207500	191042500	5967	38835000	3404	0.5	2.006784	0.025035	1.003392	0.025065	1.003392	0.025065	2	0	0	0	0	0.99	2	F	2	0	1.011219	1.011219	0.025516	0.025516	3	0.947959	0.220365	4	1.046103	0.15748	2.000277	0.982311	0.992234	0.009922
5	22500	2797500	476	2775000	217	0.4739855	2.031653	0.025445	0.9629739	0.06399	1.068679	0.06399	1	0	0	0	0	0.99	2	F	2	0	0.970079	1.077672	0.065143	0.065143	3	0.947959	0.220365	4	1.046103	0.15748	2.000277	0.982311	0.992234	0.009922
5	2802500	78157500	11439	75355000	5802	0.4999966	2.016102	0.025018	1.008044	0.025019	1.008058	0.025019	2	0	0	0	0	0.99	2	F	2	0	1.015954	1.015968	0.02547	0.02547	3	0.947959	0.220365	4	1.046103	0.15748	2.000277	0.982311	0.992234	0.009922
5	78177500	78247500	13	70000	10	0.2804764	2.822727	0.046949	0.7917083	0.086947	2.031018	0.086947	2	0	2	0	0.871771	0.99	2	F	2	1	0.795753	2.057205	0.088513	0.088513	3	0.947959	0.220365	1	1.871771	0.10387	2.000277	0.982311	0.992234	0.009922
5	78257500	128272500	7698	50015000	3842	0.5	2.00478	0.025027	1.00239	0.025035	1.00239	0.025035	2	0	0	0	0	0.99	2	F	2	0	1.010199	1.010199	0.025485	0.025485	3	0.947959	0.220365	4	1.046103	0.15748	2.000277	0.982311	0.992234	0.009922
5	128277500	128332500	10	55000	35	0.4062357	2.014453	0.040945	0.8183426	0.134397	1.19611	0.134397	1	0	0	0	0	0.99	2	F	2	0	0.822863	1.20738	0.136817	0.136817	3	0.947959	0.220365	4	1.046103	0.15748	2.000277	0.982311	0.992234	0.009922
5	128337500	180712500	9230	52375000	3335	0.4999946	2.017965	0.025023	1.008972	0.025055	1.008994	0.025055	2	0	0	0	0	0.99	2	F	2	0	1.016898	1.01692	0.025507	0.025507	3	0.947959	0.220365	4	1.046103	0.15748	2.000277	0.982311	0.992234	0.009922
6	212500	29712500	5370	29500000	2163	0.4999963	1.99775	0.025038	0.9988678	0.025106	0.998883	0.025106	2	0	0	0	0	0.99	2	F	2	0	1.006614	1.006629	0.025558	0.025558	3	0.947959	0.220365	4	1.046103	0.15748	2.000277	0.982311	0.992234	0.009922
6	29717500	29907500	34	190000	97	0.3844744	1.987916	0.030434	0.7643027	0.044712	1.223613	0.044712	1	0	0	0	0	0.99	2	F	2	0	0.767858	1.235375	0.045518	0.045518	3	0.947959	0.220365	4	1.046103	0.15748	2.000277	0.982311	0.992234	0.009922
6	29912500	29922500	3	10000	14	0.009535814	1.836709	0.059533	0.01751451	0.049894	1.819194	0.049894	2	0	2	1	0.871771	0.99	2	F	2	1	0.007728	1.841596	0.050793	0.050793	2	0.061901	0.04589	1	1.871771	0.10387	2.000277	0.982311	0.992234	0.009922
6	29927500	31287500	261	1360000	300	0.5	2.005557	0.025786	1.002778	0.028854	1.002778	0.028854	2	0	0	0	0	0.99	2	F	2	0	1.010594	1.010594	0.029373	0.029373	3	0.947959	0.220365	4	1.046103	0.15748	2.000277	0.982311	0.992234	0.009922
6	31297500	31337500	8	40000	43	0.04079146	2.043822	0.04447	0.08337047	0.045848	1.960451	0.045848	1	0	2	1	0.871771	0.99	2	F	2	1	0.07476	1.985377	0.046674	0.046674	2	0.061901	0.04589	1	1.871771	0.10387	2.000277	0.982311	0.992234	0.009922
6	31347500	32422500	185	1075000	159	0.5	1.985446	0.026081	0.9927228	0.030452	0.992723	0.030452	2	0	0	0	0	0.99	2	F	2	0	1.000359	1.000359	0.031	0.031	3	0.947959	0.220365	4	1.046103	0.15748	2.000277	0.982311	0.992234	0.009922
6	32427500	32602500	18	175000	64	0.01313683	1.946609	0.034217	0.02557227	0.027508	1.921037	0.027508	1	0	2	0.9380992	0.871771	0.99	2	F	2	1	0.01593	1.945258	0.028003	0.028003	2	0.061901	0.04589	1	1.871771	0.10387	2.000277	0.982311	0.992234	0.009922
6	32652500	32707500	9	55000	10	0.5	2.017207	0.042385	1.008604	0.155211	1.008604	0.155211	2	0	0	0	0	0.99	2	F	2	0	1.016524	1.016524	0.158006	0.158006	3	0.947959	0.220365	4	1.046103	0.15748	2.000277	0.982311	0.992234	0.009922
6	32712500	74587500	6191	41875000	3079	0.5	2.006963	0.025034	1.003481	0.025068	1.003481	0.025068	2	0	0	0	0	0.99	2	F	2	0	1.01131	1.01131	0.025519	0.025519	3	0.947959	0.220365	4	1.046103	0.15748	2.000277	0.982311	0.992234	0.009922
6	74607500	74627500	3	20000	12	0.270332	1.987655	0.063546	0.5373268	0.239219	1.450328	0.239219	0	0	0	0	0	0.99	2	F	2	0	0.536827	1.46614	0.243527	0.243527	3	0.947959	0.220365	4	1.046103	0.15748	2.000277	0.982311	0.992234	0.009922
6	74637500	156132500	13218	81495000	6013	0.5	1.998668	0.025016	0.9993341	0.025014	0.999334	0.025014	2	0	0	0	0	0.99	2	F	2	0	1.007088	1.007088	0.025465	0.025465	3	0.947959	0.220365	4	1.046103	0.15748	2.000277	0.982311	0.992234	0.009922
6	156137500	156197500	12	60000	7	0.1851142	1.966872	0.038219	0.364096	0.093029	1.602776	0.093029	0	0	0	0	0	0.99	2	F	2	0	0.360501	1.621311	0.094705	0.094705	3	0.947959	0.220365	4	1.046103	0.15748	2.000277	0.982311	0.992234	0.009922
6	156202500	170897500	2591	14695000	1330	0.5	2.00054	0.02508	1.00027	0.025236	1.00027	0.025236	2	0	0	0	0	0.99	2	F	2	0	1.008041	1.008041	0.02569	0.02569	3	0.947959	0.220365	4	1.046103	0.15748	2.000277	0.982311	0.992234	0.009922
7	52500	56667500	9690	56615000	5332	0.5	2.010022	0.025022	1.005011	0.025051	1.005011	0.025051	2	0	0	0	0	0.99	2	F	2	0	1.012867	1.012867	0.025502	0.025502	3	0.947959	0.220365	4	1.046103	0.15748	2.000277	0.982311	0.992234	0.009922
7	56672500	61877500	218	5205000	56	0.443819	2.05494	0.025984	0.9120215	0.098901	1.142919	0.098901	2	0	0	0	0	0.99	2	F	2	0	0.918216	1.153238	0.100682	0.100682	3	0.947959	0.220365	4	1.046103	0.15748	2.000277	0.982311	0.992234	0.009922
7	61882500	153652500	14499	91770000	6068	0.4999934	2.006689	0.025014	1.003331	0.02502	1.003358	0.02502	2	0	0	0	0	0.99	2	F	2	0	1.011157	1.011184	0.02547	0.02547	3	0.947959	0.220365	4	1.046103	0.15748	2.000277	0.982311	0.992234	0.009922
7	153867500	158817500	911	4950000	497	0.4972064	2.022996	0.025232	1.005847	0.030024	1.01715	0.030024	2	0	0	0	0	0.99	2	F	2	0	1.013717	1.025222	0.030565	0.030565	3	0.947959	0.220365	4	1.046103	0.15748	2.000277	0.982311	0.992234	0.009922
8	172500	2127500	329	1955000	267	0.4987963	2.029979	0.025641	1.012546	0.029538	1.017433	0.029538	2	0	0	0	0	0.99	2	F	2	0	1.020537	1.025511	0.03007	0.03007	3	0.947959	0.220365	4	1.046103	0.15748	2.000277	0.982311	0.992234	0.009922
8	2202500	2322500	24	120000	10	0.5	1.993965	0.03247	0.9969826	0.051797	0.996983	0.051797	2	0	0	0	0	0.99	2	F	2	0	1.004695	1.004695	0.05273	0.05273	3	0.947959	0.220365	4	1.046103	0.15748	2.000277	0.982311	0.992234	0.009922
8	2352500	2572500	43	220000	40	0.3250568	2.852425	0.033354	0.9272	0.052437	1.925225	0.052437	2	0	2	0	0.871771	0.99	2	F	2	1	0.933666	1.949521	0.053381	0.053381	3	0.947959	0.220365	1	1.871771	0.10387	2.000277	0.982311	0.992234	0.009922
8	2597500	6177500	590	3580000	694	0.5	2.025017	0.025358	1.012508	0.026274	1.012508	0.026274	2	0	0	0	0	0.99	2	F	2	0	1.020498	1.020498	0.026747	0.026747	3	0.947959	0.220365	4	1.046103	0.15748	2.000277	0.982311	0.992234	0.009922
8	6182500	6192500	3	10000	6	0.01872471	2.076464	0.06593	0.03888118	0.105185	2.037583	0.105185	2	0	2	1	0.871771	0.99	2	F	2	1	0.029476	2.063887	0.107079	0.107079	2	0.061901	0.04589	1	1.871771	0.10387	2.000277	0.982311	0.992234	0.009922
8	6197500	11847500	867	5650000	706	0.5	2.005048	0.025239	1.002524	0.026088	1.002524	0.026088	2	0	0	0	0	0.99	2	F	2	0	1.010335	1.010335	0.026558	0.026558	3	0.947959	0.220365	4	1.046103	0.15748	2.000277	0.982311	0.992234	0.009922
8	11852500	12532500	36	680000	3	0.0872722	1.987126	0.030154	0.1734208	0.195949	1.813705	0.195949	1	0	2	0	1	0.99	2	F	2	1	0.16642	1.836009	0.199477	0.199477	3	0.947959	0.220365	1	1.871771	0.10387	2.000277	0.982311	0.992234	0.009922
8	12537500	53362500	6552	40825000	2513	0.5	2.013183	0.025032	1.006591	0.025087	1.006591	0.025087	2	0	0	0	0	0.99	2	F	2	0	1.014475	1.014475	0.025539	0.025539	3	0.947959	0.220365	4	1.046103	0.15748	2.000277	0.982311	0.992234	0.009922
8	53377500	53432500	12	55000	16	0.3350575	2.95878	0.050035	0.9913614	0.084193	1.967419	0.084193	2	0	2	0	0.871771	0.99	2	F	2	1	0.998973	1.992469	0.08571	0.08571	3	0.947959	0.220365	1	1.871771	0.10387	2.000277	0.982311	0.992234	0.009922
8	53447500	53867500	83	420000	31	0.487653	2.040053	0.027475	0.9948382	0.059702	1.045215	0.059702	1	0	0	0	0	0.99	2	F	2	0	1.002512	1.053789	0.060777	0.060777	3	0.947959	0.220365	4	1.046103	0.15748	2.000277	0.982311	0.992234	0.009922
8	53872500	146272500	15060	92400000	6894	0.4999983	2.013806	0.025014	1.006899	0.025009	1.006906	0.025009	2	0	0	0	0	0.99	2	F	2	0	1.014789	1.014796	0.025459	0.025459	3	0.947959	0.220365	4	1.046103	0.15748	2.000277	0.982311	0.992234	0.009922
9	207500	44797500	6263	44590000	3120	0.5	2.010257	0.025033	1.005129	0.025107	1.005129	0.025107	2	0	0	0	0	0.99	2	F	2	0	1.012986	1.012986	0.025559	0.025559	3	0.947959	0.220365	4	1.046103	0.15748	2.000277	0.982311	0.992234	0.009922
9	44802500	69962500	106	25160000	16	0.3200783	1.979191	0.026847	0.633496	0.13852	1.345695	0.13852	0	0	0	0	0	0.99	2	F	2	0	0.634714	1.359637	0.141014	0.141014	3	0.947959	0.220365	4	1.046103	0.15748	2.000277	0.982311	0.992234	0.009922
9	70992500	129327500	10293	58335000	4316	0.5	2.002129	0.02502	1.001064	0.025014	1.001064	0.025014	2	0	0	0	0	0.99	2	F	2	0	1.00885	1.00885	0.025464	0.025464	3	0.947959	0.220365	4	1.046103	0.15748	2.000277	0.982311	0.992234	0.009922
9	129332500	129362500	7	30000	4	0.09160373	1.938823	0.044916	0.1776034	0.103639	1.761219	0.103639	2	0	2	0	0.7919326	0.99	2	F	2	1	0.170677	1.782586	0.105505	0.105505	3	0.947959	0.220365	2	1.791933	0.104727	2.000277	0.982311	0.992234	0.009922
9	129367500	132182500	550	2815000	90	0.4918776	1.997392	0.025373	0.9824725	0.043816	1.01492	0.043816	2	0	0	0	0	0.99	2	F	2	0	0.989926	1.022953	0.044605	0.044605	3	0.947959	0.220365	4	1.046103	0.15748	2.000277	0.982311	0.992234	0.009922
9	132187500	132202500	4	15000	13	4.990444e-25	1.783769	0.051878	8.901797e-25	0.025895	1.783769	0.025895	2	0	2	0.9380992	0.7919326	0.99	2	F	2	1	-0.0101	1.805538	0.026361	0.026361	2	0.061901	0.04589	2	1.791933	0.104727	2.000277	0.982311	0.992234	0.009922
9	132207500	140267500	1490	8060000	655	0.4985942	2.009737	0.02514	1.002043	0.027847	1.007694	0.027847	2	0	0	0	0	0.99	2	F	2	0	1.009846	1.015597	0.028349	0.028349	3	0.947959	0.220365	4	1.046103	0.15748	2.000277	0.982311	0.992234	0.009922
10	102500	26912500	4660	26810000	2599	0.5	2.004624	0.025045	1.002312	0.025078	1.002312	0.025078	2	0	0	0	0	0.99	2	F	2	0	1.01012	1.01012	0.02553	0.02553	3	0.947959	0.220365	4	1.046103	0.15748	2.000277	0.982311	0.992234	0.009922
10	26917500	26992500	14	75000	3	0	2.051216	0.037462	0	0.039484	2.051216	0.039484	2	0	2	1	0.871771	0.99	2	F	2	1	-0.0101	2.077763	0.040195	0.040195	2	0.061901	0.04589	1	1.871771	0.10387	2.000277	0.982311	0.992234	0.009922
10	27007500	39192500	2173	12185000	691	0.4993564	2.009793	0.025096	1.003603	0.026793	1.00619	0.026793	2	0	0	0	0	0.99	2	F	2	0	1.011434	1.014067	0.027276	0.027276	3	0.947959	0.220365	4	1.046103	0.15748	2.000277	0.982311	0.992234	0.009922
10	40257500	42602500	32	2345000	34	0.4937132	2.210813	0.031939	1.091508	0.048889	1.119306	0.048889	2	2	0	0.08322407	0	0.99	2	F	2	1	1.100909	1.129203	0.04977	0.04977	1	1.083224	0.045293	4	1.046103	0.15748	2.000277	0.982311	0.992234	0.009922
10	42612500	46222500	673	3610000	270	0.4999659	2.006651	0.025308	1.003257	0.026278	1.003394	0.026278	2	0	0	0	0	0.99	2	F	2	0	1.011082	1.011221	0.026751	0.026751	3	0.947959	0.220365	4	1.046103	0.15748	2.000277	0.982311	0.992234	0.009922
10	47542500	135372500	14835	87830000	6187	0.4999962	2.010469	0.025014	1.005227	0.025015	1.005242	0.025015	2	0	0	0	0	0.99	2	F	2	0	1.013087	1.013102	0.025465	0.025465	3	0.947959	0.220365	4	1.046103	0.15748	2.000277	0.982311	0.992234	0.009922
11	187500	2227500	369	2040000	235	0.4926597	2.018618	0.025566	0.9944915	0.039723	1.024126	0.039723	2	0	0	0	0	0.99	2	F	2	0	1.002159	1.032323	0.040439	0.040439	3	0.947959	0.220365	4	1.046103	0.15748	2.000277	0.982311	0.992234	0.009922
11	2232500	2282500	11	50000	3	0.02874846	2.062846	0.040335	0.05930366	0.083936	2.003543	0.083936	2	0	2	1	0.871771	0.99	2	F	2	1	0.050264	2.029238	0.085447	0.085447	2	0.061901	0.04589	1	1.871771	0.10387	2.000277	0.982311	0.992234	0.009922
11	2287500	48807500	7733	46520000	3675	0.5	2.011719	0.025027	1.005859	0.025062	1.005859	0.025062	2	0	0	0	0	0.99	2	F	2	0	1.01373	1.01373	0.025514	0.025514	3	0.947959	0.220365	4	1.046103	0.15748	2.000277	0.982311	0.992234	0.009922
11	48812500	48947500	21	135000	29	0.4756152	2.127589	0.034394	1.011914	0.083554	1.115675	0.083554	2	0	0	0	0	0.99	2	F	2	0	1.019893	1.125508	0.085059	0.085059	3	0.947959	0.220365	4	1.046103	0.15748	2.000277	0.982311	0.992234	0.009922
11	48952500	48982500	4	30000	5	0.2156764	2.029682	0.057386	0.4377545	0.114819	1.591927	0.114819	1	0	0	0	0	0.99	2	F	2	0	0.435476	1.610269	0.116887	0.116887	3	0.947959	0.220365	4	1.046103	0.15748	2.000277	0.982311	0.992234	0.009922
11	49012500	49982500	117	970000	116	0.5	2.027946	0.026759	1.013973	0.028001	1.013973	0.028001	2	0	0	0	0	0.99	2	F	2	0	1.021989	1.021989	0.028506	0.028506	3	0.947959	0.220365	4	1.046103	0.15748	2.000277	0.982311	0.992234	0.009922
11	49987500	50062500	14	75000	31	0.3544142	1.999764	0.036949	0.7087448	0.050739	1.291019	0.050739	1	0	0	0	0	0.99	2	F	2	0	0.711308	1.303985	0.051652	0.051652	3	0.947959	0.220365	4	1.046103	0.15748	2.000277	0.982311	0.992234	0.009922
11	50097500	50777500	120	680000	219	0.3366159	2.885496	0.02835	0.9713038	0.032011	1.914192	0.032011	2	0	2	0	0.871771	0.99	2	F	2	1	0.978557	1.938291	0.032588	0.032588	3	0.947959	0.220365	1	1.871771	0.10387	2.000277	0.982311	0.992234	0.009922
11	51202500	71487500	3034	20285000	1126	0.4999744	2.011637	0.025069	1.005767	0.025237	1.00587	0.025237	2	0	0	0	0	0.99	2	F	2	0	1.013637	1.013741	0.025692	0.025692	3	0.947959	0.220365	4	1.046103	0.15748	2.000277	0.982311	0.992234	0.009922
11	71492500	72167500	119	675000	4	0.02005575	1.99825	0.026683	0.04007641	0.062442	1.958174	0.062442	0	0	2	1	0.871771	0.99	2	F	2	1	0.030693	1.983059	0.063567	0.063567	2	0.061901	0.04589	1	1.871771	0.10387	2.000277	0.982311	0.992234	0.009922
11	72172500	116357500	7296	44185000	3638	0.5	2.004651	0.025029	1.002325	0.025046	1.002325	0.025046	2	0	0	0	0	0.99	2	F	2	0	1.010133	1.010133	0.025497	0.025497	3	0.947959	0.220365	4	1.046103	0.15748	2.000277	0.982311	0.992234	0.009922
11	116362500	116437500	16	75000	3	0.05624417	2.014276	0.035806	0.1132913	0.096648	1.900985	0.096648	0	0	2	0	0.871771	0.99	2	F	2	1	0.105216	1.924848	0.098389	0.098389	3	0.947959	0.220365	1	1.871771	0.10387	2.000277	0.982311	0.992234	0.009922
11	116452500	134447500	3390	17995000	1489	0.5	2.011852	0.025062	1.005926	0.02514	1.005926	0.02514	2	0	0	0	0	0.99	2	F	2	0	1.013798	1.013798	0.025593	0.025593	3	0.947959	0.220365	4	1.046103	0.15748	2.000277	0.982311	0.992234	0.009922
12	92500	31272500	5345	31180000	2663	0.4999913	2.001954	0.025039	1.00096	0.025075	1.000994	0.025075	2	0	0	0	0	0.99	2	F	2	0	1.008743	1.008779	0.025526	0.025526	3	0.947959	0.220365	4	1.046103	0.15748	2.000277	0.982311	0.992234	0.009922
12	31357500	34827500	622	3470000	394	0.4957439	2.003312	0.025332	0.9931296	0.032858	1.010182	0.032858	2	0	0	0	0	0.99	2	F	2	0	1.000773	1.01813	0.03345	0.03345	3	0.947959	0.220365	4	1.046103	0.15748	2.000277	0.982311	0.992234	0.009922
12	34837500	38132500	33	3295000	61	0.4909499	2.26951	0.032071	1.114216	0.052423	1.155294	0.052423	2	2	0	0.08322407	0	0.99	2	F	2	1	1.124023	1.165835	0.053367	0.053367	1	1.083224	0.045293	4	1.046103	0.15748	2.000277	0.982311	0.992234	0.009922
12	38142500	72782500	5855	34640000	2497	0.4999888	2.004163	0.025036	1.002059	0.025097	1.002104	0.025097	2	0	0	0	0	0.99	2	F	2	0	1.009862	1.009908	0.025549	0.025549	3	0.947959	0.220365	4	1.046103	0.15748	2.000277	0.982311	0.992234	0.009922
12	72797500	73347500	73	550000	49	0.4479321	1.750837	0.027095	0.7842562	0.086199	0.966581	0.086199	2	0	0	0	0	0.99	2	F	2	0	0.788168	0.97375	0.087752	0.087752	3	0.947959	0.220365	4	1.046103	0.15748	2.000277	0.982311	0.992234	0.009922
12	73362500	93742500	2848	20380000	1251	0.5	2.020732	0.025074	1.010366	0.025188	1.010366	0.025188	2	0	0	0	0	0.99	2	F	2	0	1.018317	1.018317	0.025642	0.025642	3	0.947959	0.220365	4	1.046103	0.15748	2.000277	0.982311	0.992234	0.009922
12	93747500	93897500	26	150000	4	0.1756762	2.010634	0.032061	0.3532206	0.12471	1.657413	0.12471	1	0	0	0	0	0.99	2	F	2	0	0.349432	1.676925	0.126956	0.126956	3	0.947959	0.220365	4	1.046103	0.15748	2.000277	0.982311	0.992234	0.009922
12	93902500	131722500	7064	37820000	2793	0.5	2.0013	0.025029	1.00065	0.025069	1.00065	0.025069	2	0	0	0	0	0.99	2	F	2	0	1.008428	1.008428	0.02552	0.02552	3	0.947959	0.220365	4	1.046103	0.15748	2.000277	0.982311	0.992234	0.009922
12	131737500	131827500	13	90000	1	0	1.04222	0.029077	0	0.182469	1.04222	0.182469	2	0	0	1	0	0.99	2	F	2	1	-0.0101	1.05074	0.185755	0.185755	2	0.061901	0.04589	4	1.046103	0.15748	2.000277	0.982311	0.992234	0.009922
12	131837500	132347500	88	510000	34	0.5	2.012449	0.027281	1.006225	0.044164	1.006225	0.044164	2	0	0	0	0	0.99	2	F	2	0	1.014102	1.014102	0.044959	0.044959	3	0.947959	0.220365	4	1.046103	0.15748	2.000277	0.982311	0.992234	0.009922
13	19822500	63592500	7176	43770000	1908	0.07576576	1.02922	0.025008	0.07797964	0.025181	0.95124	0.025181	2	0	0	0.9380992	0	0.99	2	F	2	1	0.069273	0.958136	0.025635	0.025635	2	0.061901	0.04589	4	1.046103	0.15748	2.000277	0.982311	0.992234	0.009922
13	63657500	114137500	7119	50480000	2364	0.08151404	1.039365	0.025008	0.08472281	0.025	0.954642	0.025	2	0	0	0.9380992	0	0.99	2	F	2	1	0.076137	0.961598	0.02545	0.02545	2	0.061901	0.04589	4	1.046103	0.15748	2.000277	0.982311	0.992234	0.009922
14	19792500	20422500	56	630000	8	0.5	2.252478	0.029313	1.126239	0.077973	1.126239	0.077973	2	0	0	0	0	0.99	2	F	2	0	1.136261	1.136261	0.079377	0.079377	1	1.083224	0.045293	4	1.046103	0.15748	2.000277	0.982311	0.992234	0.009922
14	20452500	105967500	14543	85515000	6197	0.5	1.925788	0.025013	0.9628939	0.025027	0.962894	0.025027	2	0	0	0	0	0.99	2	F	2	0	0.969997	0.969997	0.025477	0.025477	3	0.947959	0.220365	4	1.046103	0.15748	2.000277	0.982311	0.992234	0.009922
14	105972500	106307500	22	335000	3	0.03551139	1.99878	0.0331	0.07097946	0.098236	1.927801	0.098236	2	0	2	1	0.871771	0.99	2	F	2	1	0.062148	1.952143	0.100005	0.100005	2	0.061901	0.04589	1	1.871771	0.10387	2.000277	0.982311	0.992234	0.009922
15	22302500	22587500	57	285000	1	0.5	1.20725	0.026308	0.6036251	0.121506	0.603625	0.121506	2	0	0	0	0.3956902	0.99	2	F	2	1	0.60431	0.60431	0.123694	0.123694	3	0.947959	0.220365	3	0.60431	0.123694	2.000277	0.982311	0.992234	0.009922
15	22752500	24412500	199	1660000	157	0.5	2.005218	0.026026	1.002609	0.028408	1.002609	0.028408	2	0	0	0	0	0.99	2	F	2	0	1.010422	1.010422	0.02892	0.02892	3	0.947959	0.220365	4	1.046103	0.15748	2.000277	0.982311	0.992234	0.009922
15	24452500	24597500	9	145000	4	0.1156654	2.002545	0.042186	0.2316251	0.110504	1.77092	0.110504	0	0	2	0	0.7919326	0.99	2	F	2	1	0.225664	1.792459	0.112494	0.112494	3	0.947959	0.220365	2	1.791933	0.104727	2.000277	0.982311	0.992234	0.009922
15	24607500	29312500	754	4705000	336	0.4988173	2.025022	0.02528	1.010116	0.028589	1.014906	0.028589	2	0	0	0	0	0.99	2	F	2	0	1.018063	1.022939	0.029104	0.029104	3	0.947959	0.220365	4	1.046103	0.15748	2.000277	0.982311	0.992234	0.009922
15	29317500	29412500	20	95000	5	0.03839469	2.031028	0.034049	0.07798071	0.072833	1.953048	0.072833	1	0	2	1	0.871771	0.99	2	F	2	1	0.069274	1.977841	0.074144	0.074144	2	0.061901	0.04589	1	1.871771	0.10387	2.000277	0.982311	0.992234	0.009922
15	29417500	34667500	765	5250000	269	0.4998423	1.998072	0.025269	0.9987211	0.027767	0.999351	0.027767	2	0	0	0	0	0.99	2	F	2	0	1.006464	1.007106	0.028267	0.028267	3	0.947959	0.220365	4	1.046103	0.15748	2.000277	0.982311	0.992234	0.009922
15	34882500	100332500	11655	65450000	4688	0.5	1.998747	0.025018	0.9993736	0.025035	0.999374	0.025035	2	0	0	0	0	0.99	2	F	2	0	1.007129	1.007129	0.025486	0.025486	3	0.947959	0.220365	4	1.046103	0.15748	2.000277	0.982311	0.992234	0.009922
16	92500	12642500	2329	12550000	1270	0.5	1.982388	0.025087	0.991194	0.025641	0.991194	0.025641	2	0	0	0	0	0.99	2	F	2	0	0.998803	0.998803	0.026103	0.026103	3	0.947959	0.220365	4	1.046103	0.15748	2.000277	0.982311	0.992234	0.009922
16	12647500	12722500	16	75000	65	0.448436	1.974402	0.035448	0.8853929	0.098233	1.089009	0.098233	1	0	0	0	0	0.99	2	F	2	0	0.891112	1.098365	0.100001	0.100001	3	0.947959	0.220365	4	1.046103	0.15748	2.000277	0.982311	0.992234	0.009922
16	12727500	32137500	3116	19410000	1100	0.5	1.99914	0.025066	0.99957	0.025259	0.99957	0.025259	2	0	0	0	0	0.99	2	F	2	0	1.007329	1.007329	0.025714	0.025714	3	0.947959	0.220365	4	1.046103	0.15748	2.000277	0.982311	0.992234	0.009922
16	32817500	33427500	39	610000	1	0.1230421	2.423499	0.031842	0.2981924	0.318604	2.125307	0.318604	2	0	2	0	1	0.99	2	F	2	1	0.29342	2.153178	0.324341	0.324341	3	0.947959	0.220365	1	1.871771	0.10387	2.000277	0.982311	0.992234	0.009922
16	33437500	33772500	45	335000	1	0.5	2.821803	0.032877	1.410902	0.289633	1.410902	0.289633	2	0	0	0	0	0.99	2	F	2	0	1.426009	1.426009	0.294848	0.294848	1	1.083224	0.045293	4	1.046103	0.15748	2.000277	0.982311	0.992234	0.009922
16	33827500	34202500	44	375000	17	4.338048e-07	2.07688	0.029646	9.009604e-07	0.025466	2.076879	0.025466	2	0	2	0.9380992	0.871771	0.99	2	F	2	1	-0.010099	2.103885	0.025925	0.025925	2	0.061901	0.04589	1	1.871771	0.10387	2.000277	0.982311	0.992234	0.009922
16	34207500	35142500	158	935000	12	0.4846375	1.989631	0.026267	0.9642499	0.072902	1.025381	0.072902	2	0	0	0	0	0.99	2	F	2	0	0.971377	1.033601	0.074215	0.074215	3	0.947959	0.220365	4	1.046103	0.15748	2.000277	0.982311	0.992234	0.009922
16	35147500	46937500	170	11790000	3	6.993024e-07	2.050221	0.02625	1.433724e-06	0.117873	2.050219	0.117873	2	0	2	1	1	0.99	2	F	2	1	-0.010098	2.076749	0.119996	0.119996	2	0.061901	0.04589	1	1.871771	0.10387	2.000277	0.982311	0.992234	0.009922
16	46942500	78647500	5544	31705000	2105	0.5	1.986566	0.025037	0.9932829	0.025133	0.993283	0.025133	2	0	0	0	0	0.99	2	F	2	0	1.000929	1.000929	0.025586	0.025586	3	0.947959	0.220365	4	1.046103	0.15748	2.000277	0.982311	0.992234	0.009922
16	78662500	78837500	33	175000	9	2.202746e-06	1.000382	0.026554	2.203587e-06	0.029544	1.00038	0.029544	2	0	0	0.9380992	0	0.99	2	F	2	1	-0.010097	1.008153	0.030076	0.030076	2	0.061901	0.04589	4	1.046103	0.15748	2.000277	0.982311	0.992234	0.009922
16	78847500	88822500	1884	9975000	1174	0.5	1.996973	0.025109	0.9984865	0.026173	0.998487	0.026173	2	0	0	0	0	0.99	2	F	2	0	1.006226	1.006226	0.026644	0.026644	3	0.947959	0.220365	4	1.046103	0.15748	2.000277	0.982311	0.992234	0.009922
17	7500	1252500	196	1245000	105	0.4208662	1.73748	0.025788	0.7312466	0.06216	1.006233	0.06216	2	0	0	0	0	0.99	2	F	2	0	0.734211	1.014111	0.063279	0.063279	3	0.947959	0.220365	4	1.046103	0.15748	2.000277	0.982311	0.992234	0.009922
17	1262500	1417500	32	155000	14	0.494165	2.016267	0.03089	0.9963686	0.0526	1.019898	0.0526	2	0	0	0	0	0.99	2	F	2	0	1.00407	1.02802	0.053547	0.053547	3	0.947959	0.220365	4	1.046103	0.15748	2.000277	0.982311	0.992234	0.009922
17	1427500	4617500	591	3190000	229	0.4893488	1.722656	0.02526	0.8429796	0.042063	0.879676	0.042063	2	0	0	0	0	0.99	2	F	2	0	0.847941	0.885293	0.042821	0.042821	3	0.947959	0.220365	4	1.046103	0.15748	2.000277	0.982311	0.992234	0.009922
17	4627500	6497500	366	1870000	182	0.4959297	2.002596	0.025562	0.9931469	0.033894	1.009449	0.033894	2	0	0	0	0	0.99	2	F	2	0	1.000791	1.017384	0.034505	0.034505	3	0.947959	0.220365	4	1.046103	0.15748	2.000277	0.982311	0.992234	0.009922
17	6507500	8062500	303	1555000	113	0.4959608	1.721879	0.025504	0.8539844	0.033772	0.867894	0.033772	2	0	0	0	0	0.99	2	F	2	0	0.859142	0.873301	0.03438	0.03438	3	0.947959	0.220365	4	1.046103	0.15748	2.000277	0.982311	0.992234	0.009922
17	8072500	16592500	1559	8520000	730	0.499989	1.995676	0.025132	0.9978163	0.025318	0.99786	0.025318	2	0	0	0	0	0.99	2	F	2	0	1.005544	1.005588	0.025774	0.025774	3	0.947959	0.220365	4	1.046103	0.15748	2.000277	0.982311	0.992234	0.009922
17	16762500	17172500	78	410000	50	0.5	1.981058	0.027485	0.9905292	0.030081	0.990529	0.030081	2	0	0	0	0	0.99	2	F	2	0	0.998126	0.998126	0.030623	0.030623	3	0.947959	0.220365	4	1.046103	0.15748	2.000277	0.982311	0.992234	0.009922
17	17182500	21032500	567	3850000	101	0.4595711	1.718236	0.025269	0.7896516	0.070599	0.928584	0.070599	2	0	0	0	0	0.99	2	F	2	0	0.79366	0.935075	0.07187	0.07187	3	0.947959	0.220365	4	1.046103	0.15748	2.000277	0.982311	0.992234	0.009922
17	21042500	22242500	184	1200000	42	0.4996746	2.015572	0.026119	1.00713	0.032842	1.008442	0.032842	2	0	0	0	0	0.99	2	F	2	0	1.015024	1.016359	0.033433	0.033433	3	0.947959	0.220365	4	1.046103	0.15748	2.000277	0.982311	0.992234	0.009922
17	25402500	44202500	3429	18800000	1006	0.4999456	1.994198	0.02506	0.9969905	0.025419	0.997208	0.025419	2	0	0	0	0	0.99	2	F	2	0	1.004703	1.004924	0.025877	0.025877	3	0.947959	0.220365	4	1.046103	0.15748	2.000277	0.982311	0.992234	0.009922
17	44792500	78772500	6154	33980000	2412	0.5	2.001249	0.025034	1.000624	0.025102	1.000624	0.025102	2	0	0	0	0	0.99	2	F	2	0	1.008402	1.008402	0.025554	0.025554	3	0.947959	0.220365	4	1.046103	0.15748	2.000277	0.982311	0.992234	0.009922
18	52500	15407500	2652	15355000	1379	0.5	2.011553	0.025079	1.005776	0.025197	1.005776	0.025197	2	0	0	0	0	0.99	2	F	2	0	1.013646	1.013646	0.025651	0.025651	3	0.947959	0.220365	4	1.046103	0.15748	2.000277	0.982311	0.992234	0.009922
18	15602500	76112500	9455	60510000	4680	0.5	2.01593	0.025022	1.007965	0.025039	1.007965	0.025039	2	0	0	0	0	0.99	2	F	2	0	1.015873	1.015873	0.02549	0.02549	3	0.947959	0.220365	4	1.046103	0.15748	2.000277	0.982311	0.992234	0.009922
19	267500	20497500	3842	20230000	1392	0.5	2.005348	0.025054	1.002674	0.025385	1.002674	0.025385	2	0	0	0	0	0.99	2	F	2	0	1.010488	1.010488	0.025842	0.025842	3	0.947959	0.220365	4	1.046103	0.15748	2.000277	0.982311	0.992234	0.009922
19	20727500	21677500	168	950000	31	0.4961879	2.033866	0.026245	1.00918	0.042726	1.024687	0.042726	2	0	0	0	0	0.99	2	F	2	0	1.01711	1.032894	0.043496	0.043496	3	0.947959	0.220365	4	1.046103	0.15748	2.000277	0.982311	0.992234	0.009922
19	21682500	21767500	18	85000	15	1.578218e-07	2.060746	0.035157	3.252306e-07	0.025651	2.060745	0.025651	1	0	2	0.9380992	0.871771	0.99	2	F	2	1	-0.010099	2.087463	0.026113	0.026113	2	0.061901	0.04589	1	1.871771	0.10387	2.000277	0.982311	0.992234	0.009922
19	21772500	59092500	6350	37320000	2595	0.5	2.003167	0.025033	1.001584	0.025072	1.001584	0.025072	2	0	0	0	0	0.99	2	F	2	0	1.009378	1.009378	0.025523	0.025523	3	0.947959	0.220365	4	1.046103	0.15748	2.000277	0.982311	0.992234	0.009922
20	72500	29652500	4740	29580000	2287	0.5	2.005426	0.025044	1.002713	0.025121	1.002713	0.025121	2	0	0	0	0	0.99	2	F	2	0	1.010528	1.010528	0.025573	0.025573	3	0.947959	0.220365	4	1.046103	0.15748	2.000277	0.982311	0.992234	0.009922
20	29812500	30082500	52	270000	6	0.01349716	2.003349	0.028723	0.02703953	0.085786	1.97631	0.085786	1	0	2	1	0.871771	0.99	2	F	2	1	0.017423	2.001519	0.087331	0.087331	2	0.061901	0.04589	1	1.871771	0.10387	2.000277	0.982311	0.992234	0.009922
20	30087500	62432500	6091	32345000	2332	0.5	2.004548	0.025034	1.002274	0.025222	1.002274	0.025222	2	0	0	0	0	0.99	2	F	2	0	1.010081	1.010081	0.025676	0.025676	3	0.947959	0.220365	4	1.046103	0.15748	2.000277	0.982311	0.992234	0.009922
21	14602500	46937500	5327	32335000	2837	0.5	2.007207	0.025039	1.003603	0.025075	1.003603	0.025075	2	0	0	0	0	0.99	2	F	2	0	1.011434	1.011434	0.025527	0.025527	3	0.947959	0.220365	4	1.046103	0.15748	2.000277	0.982311	0.992234	0.009922
22	16882500	17047500	22	165000	9	0.2756641	1.500117	0.029863	0.4135284	0.117801	1.086588	0.117801	2	0	0	0	0	0.99	2	F	2	0	0.410817	1.095902	0.119923	0.119923	3	0.947959	0.220365	4	1.046103	0.15748	2.000277	0.982311	0.992234	0.009922
22	17067500	32532500	2648	15465000	974	0.2997123	1.218757	0.025029	0.3652766	0.025523	0.853481	0.025523	2	0	0	0	0	0.99	2	F	2	0	0.361703	0.858629	0.025982	0.025982	3	0.947959	0.220365	4	1.046103	0.15748	2.000277	0.982311	0.992234	0.009922
22	32557500	32607500	11	50000	6	0.3187316	1.672465	0.035868	0.5330675	0.15533	1.139398	0.15533	2	0	0	0	0	0.99	2	F	2	0	0.532492	1.149654	0.158127	0.158127	3	0.947959	0.220365	4	1.046103	0.15748	2.000277	0.982311	0.992234	0.009922
22	32617500	33207500	102	590000	76	0.335082	1.276007	0.025823	0.427567	0.034169	0.84844	0.034169	2	0	0	0	0	0.99	2	F	2	0	0.425106	0.853499	0.034784	0.034784	3	0.947959	0.220365	4	1.046103	0.15748	2.000277	0.982311	0.992234	0.009922
22	33217500	35667500	469	2450000	163	0.5	1.694577	0.025316	0.8472886	0.028575	0.847289	0.028575	2	0	0	0	0	0.99	2	F	2	0	0.852327	0.852327	0.02909	0.02909	3	0.947959	0.220365	4	1.046103	0.15748	2.000277	0.982311	0.992234	0.009922
22	35677500	49687500	2691	14010000	1135	0.5	1.994007	0.025076	0.9970033	0.025247	0.997003	0.025247	2	0	0	0	0	0.99	2	F	2	0	1.004716	1.004716	0.025702	0.025702	3	0.947959	0.220365	4	1.046103	0.15748	2.000277	0.982311	0.992234	0.009922
23	172500	2697500	396	2525000	136	0.05501764	1.081489	0.025155	0.05950098	0.026147	1.021988	0.026147	2	0	0	0.9380992	0	0.99	2	F	2	1	0.050464	1.030147	0.026618	0.026618	2	0.061901	0.04589	4	1.046103	0.15748	2.000277	0.982311	0.992234	0.009922
23	2852500	58287500	217	55435000	1358	0.06392869	1.744963	0.025719	0.1115532	0.0256	1.63341	0.0256	2	0	0	0	0	0.99	2	F	2	0	0.103447	1.652493	0.026061	0.026061	3	0.947959	0.220365	4	1.046103	0.15748	2.000277	0.982311	0.992234	0.009922
23	58477500	62187500	40	3710000	14	0.05787319	2.213894	0.030691	0.1281251	0.053657	2.085769	0.053657	2	0	2	0	0.871771	0.99	2	F	2	1	0.120315	2.112933	0.054623	0.054623	3	0.947959	0.220365	1	1.871771	0.10387	2.000277	0.982311	0.992234	0.009922
23	62297500	154892500	286	92595000	1948	0.05949076	1.767114	0.025561	0.105127	0.025002	1.661987	0.025002	2	0	0	0	0	0.99	2	F	2	0	0.096906	1.68158	0.025452	0.025452	3	0.947959	0.220365	4	1.046103	0.15748	2.000277	0.982311	0.992234	0.009922
